function GMST = GMST_calc( N4,N_T )

% Текущая Юлианская дата на 0 часов шкалы МДВ
JD0 = 1461 * (N4 - 1) + N_T + 2450082.5 - (N_T - 3) / 25;
% Время от эпохи 2000 г 1 января 12 ч (UTC(SU))
T_delta = (JD0 - 2451545) / 36525;
% Угол поворота Земли [рад]
ERA = 2 * pi * ( 0.7790572732640 + 1.00273781191135448 * (JD0 - 2451545));
% Среднее звездное время по Гринвичу [рад]
GMST = ERA + 0.0000000703270726 + 0.0223603658710194 * T_delta ...
    + 0.0000067465784654 * T_delta^2 - 0.0000000000021332 * T_delta^3 ...
    - 0.0000000001452308 * T_delta^4 - 0.0000000000001784 * T_delta^5;

end